0 -68.5569
1 -79.8817
2 -73.1984
3 -70.738
4 -78.3541
5 -75.9481
6 -74.9189
7 -69.1618
8 -77.8073
9 -69.5012
10 -69.6427
11 -80.6902
12 -81.0549
13 -68.2363
14 -67.1739
15 -71.2734
16 -74.3609
17 -76.686
18 -77.5787
19 -77.3891
20 -72.8331
21 -74.9066
22 -68.9211
23 -68.3414
24 -67.4994
25 -1.03544e-06
26 -78.4758
27 -70.5368
28 -74.6978
29 -79.1017
30 -73.0079
31 -71.4866
32 -73.007
33 -71.8524
34 -71.947
35 -77.9061
36 -73.765
37 -72.842
38 -72.0578
39 -77.3674
40 -82.2025
41 -70.997
42 -72.4895
43 -72.4169
44 -76.956
45 -74.7259
46 -72.9919
47 -72.5386
48 -74.0629
49 -71.404
50 -70.7349
51 -75.6366
52 -70.3494
53 -76.1037
54 -69.8089
55 -67.5782
56 -72.0535
57 -72.2996
58 -74.1376
59 -75.8806
60 -75.7642
61 -72.9286
62 -74.0572
63 -70.4081
64 -71.0152
65 -71.1079
66 -3.0103
67 -70.7799
68 -69.0032
69 -67.6414
70 -65.3017
71 -66.3892
72 -68.7896
73 -73.2489
74 -71.1818
75 -73.1637
76 -75.5896
77 -74.6115
78 -73.6952
79 -73.8475
80 -71.7418
81 -70.8675
82 -70.7365
83 -75.7534
84 -73.0503
85 -78.8353
86 -71.5024
87 -71.2644
88 -73.6073
89 -71.7865
90 -73.6168
91 -73.3181
92 -79.7837
93 -72.4763
94 -72.7583
95 -69.3567
96 -78.5864
97 -75.0011
98 -70.7369
99 -72.4933
100 -77.2085
101 -75.4035
102 -71.0416
103 -71.3474
104 -70.3031
105 -67.7798
106 -71.1174
107 -76.8214
108 -71.7009
109 -69.1558
110 -69.8095
111 -66.6473
112 -67.9096
113 -68.823
114 -78.7478
115 -72.1482
116 -73.2212
117 -74.0704
118 -71.7569
119 -79.4464
120 -78.0781
121 -73.6954
122 -69.8689
123 -69.5536
124 -74.9402
125 -78.2331
126 -71.1905
127 -69.8187
128 -78.3147
129 -69.5081
130 -73.5183
131 -72.3685
132 -78.4772
133 -70.7341
134 -71.6208
135 -75.4632
136 -68.5755
137 -77.4046
138 -78.0331
139 -68.6744
140 -75.4591
141 -71.4816
142 -75.5756
143 -67.1672
144 -76.2498
145 -65.8402
146 -66.6177
147 -69.1565
148 -74.4898
149 -62.3467
150 -59.9644
151 -62.1676
152 -73.7833
153 -66.9432
154 -71.4499
155 -70.3366
156 -73.3799
157 -69.2546
158 -70.1981
159 -74.3435
160 -69.6526
161 -65.8053
162 -68.7443
163 -69.4848
164 -73.8086
165 -78.1212
166 -71.4986
167 -71.4959
168 -74.2207
169 -74.6429
170 -71.9968
171 -73.4677
172 -73.6268
173 -76.2457
174 -71.408
175 -71.5588
176 -75.6971
177 -73.1497
178 -74.9425
179 -71.9124
180 -73.5436
181 -79.4563
182 -77.4146
183 -71.1826
184 -71.9721
185 -70.7592
186 -67.2978
187 -75.0131
188 -66.6026
189 -73.0736
190 -63.2596
191 -61.1503
192 -63.5174
193 -73.7024
194 -69.4935
195 -77.0656
196 -74.9028
197 -73.07
198 -70.4498
199 -69.3595
200 -70.4214
201 -69.3776
202 -64.9078
203 -67.7361
204 -69.703
205 -73.7058
206 -66.8723
207 -69.016
208 -70.5157
209 -69.6552
210 -75.0323
211 -73.6842
212 -75.4549
213 -75.7229
214 -71.6816
215 -75.1327
216 -71.3707
217 -71.5329
218 -75.4886
219 -71.8588
220 -74.63
221 -74.3043
222 -72.3084
223 -69.8488
224 -74.0472
225 -68.3488
226 -73.5221
227 -74.6061
228 -75.3524
229 -68.6548
230 -70.2518
231 -67.5384
232 -73.751
233 -77.8543
234 -70.9157
235 -72.9953
236 -71.7227
237 -79.3809
238 -68.0153
239 -73.1128
240 -63.8255
241 -61.092
242 -63.1925
243 -74.5439
244 -68.1106
245 -72.3208
246 -70.0809
247 -68.7082
248 -68.7114
249 -72.8455
250 -68.6555
251 -75.262
252 -69.7476
253 -73.2027
254 -70.9288
255 -74.3243
256 -74.2072
257 -73.0078
258 -70.0303
259 -73.3535
260 -74.0455
261 -76.9991
262 -71.688
263 -71.1298
264 -75.0979
265 -70.5166
266 -69.8934
267 -77.3104
268 -71.0283
269 -70.1307
270 -68.4665
271 -72.493
272 -68.6757
273 -74.9363
274 -73.9033
275 -70.3639
276 -76.5216
277 -71.3325
278 -74.0263
279 -66.3969
280 -75.377
281 -62.3896
282 -60.0164
283 -61.6445
284 -81.2323
285 -63.8926
286 -64.9246
287 -69.6109
288 -76.0073
289 -74.7675
290 -71.4153
291 -75.7158
292 -74.8907
293 -76.9817
294 -72.237
295 -70.3177
296 -73.5237
297 -68.0248
298 -70.3559
299 -74.0434
300 -71.8595
301 -74.4958
302 -72.1607
303 -74.0176
304 -81.5232
305 -72.3966
306 -72.2582
307 -74.0084
308 -76.9775
309 -74.7297
310 -70.3207
311 -71.6771
312 -73.9138
313 -76.6415
314 -71.0221
315 -71.7043
316 -72.883
317 -80.9616
318 -70.1207
319 -73.7078
320 -69.5879
321 -69.2969
322 -70.3115
323 -71.6696
324 -76.8066
325 -74.1223
326 -68.2265
327 -66.0792
328 -67.8671
329 -73.7147
330 -71.3969
331 -72.0651
332 -71.6277
333 -79.8862
334 -71.3354
335 -73.764
336 -71.3714
337 -72.8045
338 -67.2973
339 -70.3584
340 -79.7595
341 -73.0904
342 -69.7352
343 -68.5466
344 -71.5982
345 -72.836
346 -72.3741
347 -74.4404
348 -77.1808
349 -71.0025
350 -73.9228
351 -70.3617
352 -72.5935
353 -71.9586
354 -76.1523
355 -70.2307
356 -74.3738
357 -70.1569
358 -74.1494
359 -67.4657
360 -71.166
361 -65.6844
362 -70.1351
363 -76.1293
364 -72.5646
365 -63.376
366 -65.935
367 -62.9238
368 -66.7222
369 -68.4787
370 -74.0869
371 -69.4641
372 -70.1006
373 -71.5788
374 -73.5967
375 -70.643
376 -66.4031
377 -66.2368
378 -68.0601
379 -74.1185
380 -77.9112
381 -71.7276
382 -72.1886
383 -74.4882
384 -69.9372
385 -69.9018
386 -72.59
387 -74.5579
388 -75.6805
389 -77.6724
390 -69.6361
391 -78.272
392 -75.9255
393 -77.3414
394 -72.0711
395 -73.303
396 -77.5798
397 -79.6551
398 -72.4232
399 -73.0326
400 -75.2131
401 -69.7861
402 -69.268
403 -80.2258
404 -68.5035
405 -69.3641
406 -64.1591
407 -67.3306
408 -63.9951
409 -67.3724
410 -70.7925
411 -79.3707
412 -72.8443
413 -69.9109
414 -77.53
415 -75.2663
416 -74.8512
417 -66.4791
418 -65.0624
419 -66.5625
420 -75.0528
421 -77.0474
422 -68.8774
423 -67.6226
424 -75.281
425 -71.4697
426 -72.1321
427 -72.3934
428 -76.0266
429 -75.3065
430 -71.1435
431 -69.7748
432 -78.3159
433 -69.2955
434 -72.1281
435 -74.5154
436 -74.6295
437 -73.7148
438 -73.8599
439 -70.6215
440 -82.4711
441 -69.5372
442 -70.1751
443 -77.6556
444 -76.4034
445 -70.3011
446 -68.2617
447 -72.5281
448 -73.2499
449 -74.3326
450 -71.0379
451 -80.9175
452 -70.6589
453 -78.5318
454 -68.0858
455 -71.5802
456 -64.7513
457 -66.9852
458 -64.1354
459 -69.6522
460 -69.2946
461 -76.4773
462 -74.627
463 -69.8502
464 -69.1488
465 -74.3038
466 -69.5998
467 -75.3854
468 -71.0442
469 -75.9324
470 -70.9964
471 -73.0518
472 -71.2182
473 -78.7001
474 -69.6213
475 -70.7958
476 -78.2929
477 -74.0657
478 -68.7983
479 -72.2879
480 -77.3559
481 -70.2983
482 -73.0942
483 -76.9873
484 -74.6562
485 -74.5775
486 -70.188
487 -69.5343
488 -72.0769
489 -74.5219
490 -73.2796
491 -74.1194
492 -73.4507
493 -74.8418
494 -72.3393
495 -68.7141
496 -69.7353
497 -63.9135
498 -66.0524
499 -61.8909
500 -64.9209
501 -61.8909
502 -66.0524
503 -63.9135
504 -69.7353
505 -68.7141
506 -72.3393
507 -74.8418
508 -73.4507
509 -74.1194
510 -73.2796
511 -74.5219
512 -72.0769
513 -69.5343
514 -70.188
515 -74.5775
516 -74.6562
517 -76.9873
518 -73.0942
519 -70.2983
520 -77.3559
521 -72.2879
522 -68.7983
523 -74.0657
524 -78.2929
525 -70.7958
526 -69.6213
527 -78.7001
528 -71.2182
529 -73.0518
530 -70.9964
531 -75.9324
532 -71.0442
533 -75.3854
534 -69.5998
535 -74.3038
536 -69.1488
537 -69.8502
538 -74.627
539 -76.4773
540 -69.2946
541 -69.6522
542 -64.1354
543 -66.9852
544 -64.7513
545 -71.5802
546 -68.0858
547 -78.5318
548 -70.6589
549 -80.9175
550 -71.0379
551 -74.3326
552 -73.2499
553 -72.5281
554 -68.2617
555 -70.3011
556 -76.4034
557 -77.6556
558 -70.1751
559 -69.5372
560 -82.4711
561 -70.6215
562 -73.8599
563 -73.7148
564 -74.6295
565 -74.5154
566 -72.1281
567 -69.2955
568 -78.3159
569 -69.7748
570 -71.1435
571 -75.3065
572 -76.0266
573 -72.3934
574 -72.1321
575 -71.4697
576 -75.281
577 -67.6226
578 -68.8774
579 -77.0474
580 -75.0528
581 -66.5625
582 -65.0624
583 -66.4791
584 -74.8512
585 -75.2663
586 -77.53
587 -69.9109
588 -72.8443
589 -79.3707
590 -70.7925
591 -67.3724
592 -63.9951
593 -67.3306
594 -64.1591
595 -69.3641
596 -68.5035
597 -80.2258
598 -69.268
599 -69.7861
600 -75.2131
601 -73.0326
602 -72.4232
603 -79.6551
604 -77.5798
605 -73.303
606 -72.0711
607 -77.3414
608 -75.9255
609 -78.272
610 -69.6361
611 -77.6724
612 -75.6805
613 -74.5579
614 -72.59
615 -69.9018
616 -69.9372
617 -74.4882
618 -72.1886
619 -71.7276
620 -77.9112
621 -74.1185
622 -68.0601
623 -66.2368
624 -66.4031
625 -70.643
626 -73.5967
627 -71.5788
628 -70.1006
629 -69.4641
630 -74.0869
631 -68.4787
632 -66.7222
633 -62.9238
634 -65.935
635 -63.376
636 -72.5646
637 -76.1293
638 -70.1351
639 -65.6844
640 -71.166
641 -67.4657
642 -74.1494
643 -70.1569
644 -74.3738
645 -70.2307
646 -76.1523
647 -71.9586
648 -72.5935
649 -70.3617
650 -73.9228
651 -71.0025
652 -77.1808
653 -74.4404
654 -72.3741
655 -72.836
656 -71.5982
657 -68.5466
658 -69.7352
659 -73.0904
660 -79.7595
661 -70.3584
662 -67.2973
663 -72.8045
664 -71.3714
665 -73.764
666 -71.3354
667 -79.8862
668 -71.6277
669 -72.0651
670 -71.3969
671 -73.7147
672 -67.8671
673 -66.0792
674 -68.2265
675 -74.1223
676 -76.8066
677 -71.6696
678 -70.3115
679 -69.2969
680 -69.5879
681 -73.7078
682 -70.1207
683 -80.9616
684 -72.883
685 -71.7043
686 -71.0221
687 -76.6415
688 -73.9138
689 -71.6771
690 -70.3207
691 -74.7297
692 -76.9775
693 -74.0084
694 -72.2582
695 -72.3966
696 -81.5232
697 -74.0176
698 -72.1607
699 -74.4958
700 -71.8595
701 -74.0434
702 -70.3559
703 -68.0248
704 -73.5237
705 -70.3177
706 -72.237
707 -76.9817
708 -74.8907
709 -75.7158
710 -71.4153
711 -74.7675
712 -76.0073
713 -69.6109
714 -64.9246
715 -63.8926
716 -81.2323
717 -61.6445
718 -60.0164
719 -62.3896
720 -75.377
721 -66.3969
722 -74.0263
723 -71.3325
724 -76.5216
725 -70.3639
726 -73.9033
727 -74.9363
728 -68.6757
729 -72.493
730 -68.4665
731 -70.1307
732 -71.0283
733 -77.3104
734 -69.8934
735 -70.5166
736 -75.0979
737 -71.1298
738 -71.688
739 -76.9991
740 -74.0455
741 -73.3535
742 -70.0303
743 -73.0078
744 -74.2072
745 -74.3243
746 -70.9288
747 -73.2027
748 -69.7476
749 -75.262
750 -68.6555
751 -72.8455
752 -68.7114
753 -68.7082
754 -70.0809
755 -72.3208
756 -68.1106
757 -74.5439
758 -63.1925
759 -61.092
760 -63.8255
761 -73.1128
762 -68.0153
763 -79.3809
764 -71.7227
765 -72.9953
766 -70.9157
767 -77.8543
768 -73.751
769 -67.5384
770 -70.2518
771 -68.6548
772 -75.3524
773 -74.6061
774 -73.5221
775 -68.3488
776 -74.0472
777 -69.8488
778 -72.3084
779 -74.3043
780 -74.63
781 -71.8588
782 -75.4886
783 -71.5329
784 -71.3706
785 -75.1327
786 -71.6816
787 -75.7229
788 -75.4549
789 -73.6842
790 -75.0323
791 -69.6552
792 -70.5157
793 -69.016
794 -66.8723
795 -73.7058
796 -69.703
797 -67.7361
798 -64.9078
799 -69.3776
800 -70.4214
801 -69.3595
802 -70.4498
803 -73.07
804 -74.9028
805 -77.0656
806 -69.4935
807 -73.7024
808 -63.5174
809 -61.1503
810 -63.2596
811 -73.0736
812 -66.6026
813 -75.0131
814 -67.2978
815 -70.7592
816 -71.9721
817 -71.1826
818 -77.4146
819 -79.4563
820 -73.5436
821 -71.9124
822 -74.9425
823 -73.1497
824 -75.6971
825 -71.5588
826 -71.408
827 -76.2457
828 -73.6268
829 -73.4677
830 -71.9968
831 -74.6429
832 -74.2207
833 -71.4959
834 -71.4986
835 -78.1212
836 -73.8086
837 -69.4848
838 -68.7443
839 -65.8053
840 -69.6526
841 -74.3435
842 -70.1981
843 -69.2546
844 -73.3799
845 -70.3366
846 -71.4499
847 -66.9432
848 -73.7833
849 -62.1676
850 -59.9644
851 -62.3467
852 -74.4898
853 -69.1565
854 -66.6177
855 -65.8402
856 -76.2498
857 -67.1672
858 -75.5756
859 -71.4816
860 -75.4591
861 -68.6744
862 -78.0331
863 -77.4046
864 -68.5755
865 -75.4632
866 -71.6208
867 -70.7341
868 -78.4772
869 -72.3685
870 -73.5183
871 -69.5081
872 -78.3147
873 -69.8187
874 -71.1905
875 -78.2331
876 -74.9402
877 -69.5536
878 -69.8689
879 -73.6954
880 -78.0781
881 -79.4464
882 -71.7569
883 -74.0704
884 -73.2212
885 -72.1482
886 -78.7478
887 -68.823
888 -67.9096
889 -66.6473
890 -69.8095
891 -69.1558
892 -71.7009
893 -76.8214
894 -71.1174
895 -67.7798
896 -70.3031
897 -71.3474
898 -71.0416
899 -75.4035
900 -77.2085
901 -72.4933
902 -70.7369
903 -75.0011
904 -78.5864
905 -69.3567
906 -72.7583
907 -72.4763
908 -79.7837
909 -73.3181
910 -73.6168
911 -71.7865
912 -73.6073
913 -71.2644
914 -71.5024
915 -78.8353
916 -73.0503
917 -75.7534
918 -70.7365
919 -70.8675
920 -71.7418
921 -73.8475
922 -73.6952
923 -74.6115
924 -75.5896
925 -73.1637
926 -71.1818
927 -73.2489
928 -68.7896
929 -66.3892
930 -65.3017
931 -67.6414
932 -69.0032
933 -70.7799
934 -3.0103
935 -71.1079
936 -71.0152
937 -70.4081
938 -74.0572
939 -72.9286
940 -75.7642
941 -75.8806
942 -74.1376
943 -72.2996
944 -72.0535
945 -67.5782
946 -69.8089
947 -76.1037
948 -70.3494
949 -75.6366
950 -70.7349
951 -71.404
952 -74.0629
953 -72.5386
954 -72.9919
955 -74.7259
956 -76.956
957 -72.4169
958 -72.4895
959 -70.8975
960 -82.2025
961 -77.3674
962 -72.0578
963 -72.842
964 -73.765
965 -77.9061
966 -71.947
967 -71.8524
968 -73.007
969 -71.4866
970 -73.0079
971 -79.1017
972 -74.6978
973 -70.5368
974 -78.4758
975 -1.03544e-06
976 -67.4994
977 -68.3414
978 -68.9211
979 -74.9066
980 -72.8331
981 -77.3891
982 -77.5787
983 -76.686
984 -74.3609
985 -71.2734
986 -67.1739
987 -68.2363
988 -81.0549
989 -80.6902
990 -69.6427
991 -69.5012
992 -77.8073
993 -69.1618
994 -74.9189
995 -75.9481
996 -78.3541
997 -70.738
998 -73.1984
999 -79.8817
